126 94
126 95
125 95
124 95
124 96
123 96
119 100
119 100
118 101
118 101
116 102
116 102
115 103
115 103
115 103
114 103
114 104
113 104
113 104
113 104
112 105
112 105
112 105
111 105
111 105
110 105
110 106
109 106
109 106
109 106
108 106
108 106
107 107
107 107
107 107
106 107
106 108
105 108
105 108
105 108
104 109
103 109
103 109
103 109
102 110
102 110
102 110
101 110
101 110
100 110
100 116
101 116
103 118
103 118
106 121
106 122
107 122
107 123
107 123
107 123
108 124
108 124
108 125
108 125
109 126
109 126
109 126
109 127
109 127
109 127
110 128
110 128
111 129
111 129
112 130
112 131
113 132
113 132
114 133
114 134
114 134
114 134
115 135
115 135
116 136
116 136
116 137
116 137
117 138
117 139
119 140
119 140
120 141
120 142
120 142
120 143
121 144
121 144
122 145
122 145
123 146
123 147
124 147
124 148
125 149
125 149
126 150
126 150
126 151
126 151
127 152
127 152
128 153
128 154
128 154
128 154
128 155
128 155
129 155
129 156
129 156
129 156
129 157
129 157
130 157
130 158
130 158
130 158
131 159
131 159
131 160
131 160
131 161
131 161
132 161
132 162
132 162
132 162
133 163
133 164
137 164
137 163
138 162
138 162
138 161
138 161
139 161
139 160
140 159
140 159
141 158
141 158
142 157
142 157
143 157
143 157
143 157
144 157
144 156
145 156
145 156
145 156
146 155
146 155
146 155
146 154
147 154
147 154
147 153
147 153
147 152
148 152
148 152
149 152
149 152
150 152
151 151
152 151
152 151
152 151
154 150
154 150
156 148
156 148
157 147
158 147
158 147
158 147
159 145
159 143
159 142
159 142
159 141
159 141
158 140
158 140
158 140
158 139
157 139
157 138
157 138
157 137
156 137
156 137
156 136
156 136
155 135
155 135
155 134
155 134
154 134
154 133
152 131
152 131
149 128
149 128
148 127
148 126
148 126
148 125
147 125
147 124
147 124
147 124
147 123
147 123
146 122
146 122
145 121
145 121
144 120
144 119
143 118
143 118
142 117
142 117
141 116
141 116
141 115
141 115
140 114
140 114
140 113
140 113
139 113
139 112
139 112
139 111
138 111
138 110
137 109
136 109
134 106
134 106
132 105
132 105
131 104
131 103
131 103
131 102
130 102
130 101
130 101
130 101
130 100
130 100
129 100
129 99
129 99
129 98
129 98
129 98
128 97
128 97
128 96
128 96
127 96
127 95
127 95
126 95
126 94
42 0
42 2
41 2
41 2
41 3
41 3
40 4
40 4
39 5
39 5
37 7
36 7
35 8
32 8
32 13
33 13
34 14
35 14
35 14
35 14
35 15
35 15
36 15
36 16
36 16
36 16
36 17
36 17
37 17
37 18
38 19
38 19
42 23
42 24
43 24
43 25
43 25
43 25
43 26
43 26
44 26
44 28
44 28
44 31
44 31
44 33
45 33
45 34
45 35
45 35
45 35
45 36
47 37
47 37
49 39
49 39
50 40
50 40
51 40
51 40
51 41
52 41
52 41
53 41
53 42
54 42
54 42
54 42
55 42
55 43
56 43
56 42
56 42
56 42
57 40
57 39
58 39
58 36
57 36
57 34
58 33
58 33
58 33
58 32
58 32
58 32
59 31
59 31
59 30
59 30
60 30
60 29
60 29
60 28
61 28
61 27
62 26
62 26
62 26
62 25
63 25
63 23
63 23
63 21
63 20
63 18
62 17
62 16
62 15
62 14
61 14
61 10
62 10
62 8
62 8
62 8
63 7
63 7
63 6
63 6
63 5
63 5
64 4
64 4
67 1
67 0
